20260101	202552	周四	1	1	1	2026	0	元旦
20260102	202601	周五	2	1	1	2026	1	
20260103	202601	周六	3	1	1	2026	0	
20260104	202601	周日	4	1	1	2026	0	
20260105	202601	周一	5	1	1	2026	1	
20260106	202601	周二	6	1	1	2026	1	
20260107	202601	周三	7	1	1	2026	1	
20260108	202601	周四	8	1	1	2026	1	
20260109	202601	周五	9	1	1	2026	1	
20260110	202601	周六	10	1	1	2026	0	
20260111	202601	周日	11	1	1	2026	0	
20260112	202602	周一	12	1	1	2026	1	
20260113	202602	周二	13	1	1	2026	1	
20260114	202602	周三	14	1	1	2026	1	
20260115	202602	周四	15	1	1	2026	1	
20260116	202602	周五	16	1	1	2026	1	
20260117	202602	周六	17	1	1	2026	0	
20260118	202602	周日	18	1	1	2026	0	
20260119	202602	周一	19	1	1	2026	1	
20260120	202602	周二	20	1	1	2026	1	
20260121	202602	周三	21	1	1	2026	1	
20260122	202602	周四	22	1	1	2026	1	
20260123	202602	周五	23	1	1	2026	1	
20260124	202603	周六	24	1	1	2026	0	
20260125	202603	周日	25	1	1	2026	0	
20260126	202603	周一	26	1	1	2026	1	
20260127	202603	周二	27	1	1	2026	1	
20260128	202603	周三	28	1	1	2026	1	
20260129	202603	周四	29	1	1	2026	1	
20260130	202603	周五	30	1	1	2026	1	
20260131	202603	周六	31	1	1	2026	0	
20260201	202603	周日	1	2	1	2026	0	
20260202	202604	周一	2	2	1	2026	1	
20260203	202604	周二	3	2	1	2026	1	
20260204	202604	周三	4	2	1	2026	1	
20260205	202604	周四	5	2	1	2026	1	
20260206	202604	周五	6	2	1	2026	1	
20260207	202604	周六	7	2	1	2026	0	
20260208	202604	周日	8	2	1	2026	0	
20260209	202604	周一	9	2	1	2026	1	
20260210	202604	周二	10	2	1	2026	1	
20260211	202604	周三	11	2	1	2026	1	
20260212	202604	周四	12	2	1	2026	1	
20260213	202604	周五	13	2	1	2026	1	
20260214	202605	周六	14	2	1	2026	0	
20260215	202605	周日	15	2	1	2026	0	
20260216	202605	周一	16	2	1	2026	1	
20260217	202605	周二	17	2	1	2026	1	
20260218	202605	周三	18	2	1	2026	1	
20260219	202605	周四	19	2	1	2026	1	
20260220	202605	周五	20	2	1	2026	1	
20260221	202605	周六	21	2	1	2026	0	
20260222	202605	周日	22	2	1	2026	0	
20260223	202605	周一	23	2	1	2026	1	
20260224	202605	周二	24	2	1	2026	1	
20260225	202605	周三	25	2	1	2026	1	
20260226	202605	周四	26	2	1	2026	1	
20260227	202605	周五	27	2	1	2026	1	
20260228	202606	周六	28	2	1	2026	0	
20260301	202606	周日	1	3	1	2026	0	
20260302	202606	周一	2	3	1	2026	1	
20260303	202606	周二	3	3	1	2026	1	
20260304	202606	周三	4	3	1	2026	1	
20260305	202606	周四	5	3	1	2026	1	
20260306	202606	周五	6	3	1	2026	1	
20260307	202606	周六	7	3	1	2026	0	
20260308	202606	周日	8	3	1	2026	0	妇女节
20260309	202607	周一	9	3	1	2026	1	
20260310	202607	周二	10	3	1	2026	1	
20260311	202607	周三	11	3	1	2026	1	
20260312	202607	周四	12	3	1	2026	1	
20260313	202607	周五	13	3	1	2026	1	
20260314	202607	周六	14	3	1	2026	0	
20260315	202607	周日	15	3	1	2026	0	
20260316	202607	周一	16	3	1	2026	1	
20260317	202607	周二	17	3	1	2026	1	
20260318	202607	周三	18	3	1	2026	1	
20260319	202607	周四	19	3	1	2026	1	
20260320	202607	周五	20	3	1	2026	1	春分
20260321	202608	周六	21	3	1	2026	0	
20260322	202608	周日	22	3	1	2026	0	
20260323	202608	周一	23	3	1	2026	1	
20260324	202608	周二	24	3	1	2026	1	
20260325	202608	周三	25	3	1	2026	1	
20260326	202608	周四	26	3	1	2026	1	
20260327	202608	周五	27	3	1	2026	1	
20260328	202608	周六	28	3	1	2026	0	
20260329	202608	周日	29	3	1	2026	0	
20260330	202608	周一	30	3	1	2026	1	
20260331	202608	周二	31	3	1	2026	1	
20260401	202609	周三	1	4	2	2026	1	愚人节
20260402	202609	周四	2	4	2	2026	1	
20260403	202609	周五	3	4	2	2026	1	
20260404	202609	周六	4	4	2	2026	0	清明节
20260405	202609	周日	5	4	2	2026	0	
20260406	202609	周一	6	4	2	2026	1	
20260407	202609	周二	7	4	2	2026	1	
20260408	202609	周三	8	4	2	2026	1	
20260409	202609	周四	9	4	2	2026	1	
20260410	202609	周五	10	4	2	2026	1	
20260411	202610	周六	11	4	2	2026	0	
20260412	202610	周日	12	4	2	2026	0	
20260413	202610	周一	13	4	2	2026	1	
20260414	202610	周二	14	4	2	2026	1	
20260415	202610	周三	15	4	2	2026	1	
20260416	202610	周四	16	4	2	2026	1	
20260417	202610	周五	17	4	2	2026	1	
20260418	202610	周六	18	4	2	2026	0	
20260419	202610	周日	19	4	2	2026	0	
20260420	202610	周一	20	4	2	2026	1	谷雨
20260421	202610	周二	21	4	2	2026	1	
20260422	202610	周三	22	4	2	2026	1	
20260423	202610	周四	23	4	2	2026	1	世界读书日
20260424	202610	周五	24	4	2	2026	1	
20260425	202611	周六	25	4	2	2026	0	
20260426	202611	周日	26	4	2	2026	0	
20260427	202611	周一	27	4	2	2026	1	
20260428	202611	周二	28	4	2	2026	1	
20260429	202611	周三	29	4	2	2026	1	
20260430	202611	周四	30	4	2	2026	1	
20260501	202611	周五	1	5	2	2026	0	劳动节
20260502	202611	周六	2	5	2	2026	0	
20260503	202611	周日	3	5	2	2026	0	
20260504	202611	周一	4	5	2	2026	1	青年节
20260505	202611	周二	5	5	2	2026	1	
20260506	202612	周三	6	5	2	2026	1	
20260507	202612	周四	7	5	2	2026	1	
20260508	202612	周五	8	5	2	2026	1	母亲节
20260509	202612	周六	9	5	2	2026	0	
20260510	202612	周日	10	5	2	2026	0	
20260511	202612	周一	11	5	2	2026	1	
20260512	202612	周二	12	5	2	2026	1	护士节
20260513	202612	周三	13	5	2	2026	1	
20260514	202612	周四	14	5	2	2026	1	
20260515	202612	周五	15	5	2	2026	1	
20260516	202613	周六	16	5	2	2026	0	
20260517	202613	周日	17	5	2	2026	0	
20260518	202613	周一	18	5	2	2026	1	国际博物馆日
20260519	202613	周二	19	5	2	2026	1	
20260520	202613	周三	20	5	2	2026	1	
20260521	202613	周四	21	5	2	2026	1	小满
20260522	202613	周五	22	5	2	2026	1	
20260523	202614	周六	23	5	2	2026	0	
20260524	202614	周日	24	5	2	2026	0	
20260525	202614	周一	25	5	2	2026	1	
20260526	202614	周二	26	5	2	2026	1	
20260527	202614	周三	27	5	2	2026	1	
20260528	202614	周四	28	5	2	2026	1	
20260529	202614	周五	29	5	2	2026	1	
20260530	202614	周六	30	5	2	2026	0	
20260531	202614	周日	31	5	2	2026	0	
20260601	202615	周一	1	6	2	2026	1	儿童节
20260602	202615	周二	2	6	2	2026	1	
20260603	202615	周三	3	6	2	2026	1	
20260604	202615	周四	4	6	2	2026	1	
20260605	202615	周五	5	6	2	2026	1	
20260606	202615	周六	6	6	2	2026	0	
20260607	202615	周日	7	6	2	2026	0	
20260608	202615	周一	8	6	2	2026	1	
20260609	202615	周二	9	6	2	2026	1	
20260610	202615	周三	10	6	2	2026	1	
20260611	202615	周四	11	6	2	2026	1	
20260612	202615	周五	12	6	2	2026	1	
20260613	202616	周六	13	6	2	2026	0	
20260614	202616	周日	14	6	2	2026	0	
20260615	202616	周一	15	6	2	2026	1	
20260616	202616	周二	16	6	2	2026	1	
20260617	202616	周三	17	6	2	2026	1	
20260618	202616	周四	18	6	2	2026	1	父亲节
20260619	202616	周五	19	6	2	2026	1	
20260620	202616	周六	20	6	2	2026	0	夏至
20260621	202616	周日	21	6	2	2026	0	
20260622	202617	周一	22	6	2	2026	1	
20260623	202617	周二	23	6	2	2026	1	
20260624	202617	周三	24	6	2	2026	1	
20260625	202617	周四	25	6	2	2026	1	
20260626	202617	周五	26	6	2	2026	1	
20260627	202617	周六	27	6	2	2026	0	
20260628	202617	周日	28	6	2	2026	0	
20260629	202617	周一	29	6	2	2026	1	
20260630	202617	周二	30	6	2	2026	1	
20260701	202618	周三	1	7	3	2026	1	建党节
20260702	202618	周四	2	7	3	2026	1	
20260703	202618	周五	3	7	3	2026	1	
20260704	202618	周六	4	7	3	2026	0	美国独立日
20260705	202618	周日	5	7	3	2026	0	
20260706	202618	周一	6	7	3	2026	1	
20260707	202618	周二	7	7	3	2026	1	
20260708	202618	周三	8	7	3	2026	1	
20260709	202618	周四	9	7	3	2026	1	
20260710	202618	周五	10	7	3	2026	1	
20260711	202619	周六	11	7	3	2026	0	
20260712	202619	周日	12	7	3	2026	0	
20260713	202619	周一	13	7	3	2026	1	
20260714	202619	周二	14	7	3	2026	1	
20260715	202619	周三	15	7	3	2026	1	
20260716	202619	周四	16	7	3	2026	1	
20260717	202619	周五	17	7	3	2026	1	
20260718	202619	周六	18	7	3	2026	0	
20260719	202619	周日	19	7	3	2026	0	
20260720	202619	周一	20	7	3	2026	1	
20260721	202619	周二	21	7	3	2026	1	
20260722	202619	周三	22	7	3	2026	1	
20260723	202620	周四	23	7	3	2026	1	大暑
20260724	202620	周五	24	7	3	2026	1	
20260725	202620	周六	25	7	3	2026	0	
20260726	202620	周日	26	7	3	2026	0	
20260727	202620	周一	27	7	3	2026	1	
20260728	202620	周二	28	7	3	2026	1	
20260729	202620	周三	29	7	3	2026	1	
20260730	202620	周四	30	7	3	2026	1	
20260731	202620	周五	31	7	3	2026	1	
20260801	202621	周六	1	8	3	2026	0	建军节
20260802	202621	周日	2	8	3	2026	0	
20260803	202621	周一	3	8	3	2026	1	
20260804	202621	周二	4	8	3	2026	1	
20260805	202621	周三	5	8	3	2026	1	
20260806	202621	周四	6	8	3	2026	1	
20260807	202621	周五	7	8	3	2026	1	
20260808	202621	周六	8	8	3	2026	0	
20260809	202621	周日	9	8	3	2026	0	
20260810	202622	周一	10	8	3	2026	1	
20260811	202622	周二	11	8	3	2026	1	
20260812	202622	周三	12	8	3	2026	1	
20260813	202622	周四	13	8	3	2026	1	
20260814	202622	周五	14	8	3	2026	1	
20260815	202622	周六	15	8	3	2026	0	日本投降日
20260816	202622	周日	16	8	3	2026	0	
20260817	202622	周一	17	8	3	2026	1	
20260818	202622	周二	18	8	3	2026	1	
20260819	202622	周三	19	8	3	2026	1	
20260820	202623	周四	20	8	3	2026	1	
20260821	202623	周五	21	8	3	2026	1	
20260822	202623	周六	22	8	3	2026	0	
20260823	202623	周日	23	8	3	2026	0	处暑
20260824	202623	周一	24	8	3	2026	1	
20260825	202623	周二	25	8	3	2026	1	
20260826	202623	周三	26	8	3	2026	1	
20260827	202623	周四	27	8	3	2026	1	
20260828	202623	周五	28	8	3	2026	1	
20260829	202624	周六	29	8	3	2026	0	
20260830	202624	周日	30	8	3	2026	0	
20260831	202624	周一	31	8	3	2026	1	
20260901	202624	周二	1	9	3	2026	1	
20260902	202624	周三	2	9	3	2026	1	
20260903	202624	周四	3	9	3	2026	1	中国人民抗日战争胜利纪念日
20260904	202624	周五	4	9	3	2026	1	
20260905	202624	周六	5	9	3	2026	0	
20260906	202624	周日	6	9	3	2026	0	
20260907	202625	周一	7	9	3	2026	1	
20260908	202625	周二	8	9	3	2026	1	白露
20260909	202625	周三	9	9	3	2026	1	
20260910	202625	周四	10	9	3	2026	1	教师节
20260911	202625	周五	11	9	3	2026	1	
20260912	202625	周六	12	9	3	2026	0	
20260913	202625	周日	13	9	3	2026	0	
20260914	202625	周一	14	9	3	2026	1	
20260915	202625	周二	15	9	3	2026	1	
20260916	202625	周三	16	9	3	2026	1	
20260917	202625	周四	17	9	3	2026	1	
20260918	202626	周五	18	9	3	2026	1	
20260919	202626	周六	19	9	3	2026	0	
20260920	202626	周日	20	9	3	2026	0	
20260921	202626	周一	21	9	3	2026	1	中秋节
20260922	202626	周二	22	9	3	2026	1	秋分
20260923	202626	周三	23	9	3	2026	1	
20260924	202626	周四	24	9	3	2026	1	
20260925	202626	周五	25	9	3	2026	1	
20260926	202626	周六	26	9	3	2026	0	
20260927	202627	周日	27	9	3	2026	0	
20260928	202627	周一	28	9	3	2026	1	
20260929	202627	周二	29	9	3	2026	1	
20260930	202627	周三	30	9	3	2026	1	
20261001	202627	周四	1	10	4	2026	0	国庆节
20261002	202627	周五	2	10	4	2026	0	
20261003	202627	周六	3	10	4	2026	0	
20261004	202627	周日	4	10	4	2026	0	
20261005	202628	周一	5	10	4	2026	0	
20261006	202628	周二	6	10	4	2026	1	
20261007	202628	周三	7	10	4	2026	1	
20261008	202628	周四	8	10	4	2026	1	
20261009	202628	周五	9	10	4	2026	1	
20261010	202628	周六	10	10	4	2026	0	
20261011	202628	周日	11	10	4	2026	0	
20261012	202628	周一	12	10	4	2026	1	
20261013	202628	周二	13	10	4	2026	1	
20261014	202629	周三	14	10	4	2026	1	
20261015	202629	周四	15	10	4	2026	1	
20261016	202629	周五	16	10	4	2026	1	
20261017	202629	周六	17	10	4	2026	0	
20261018	202629	周日	18	10	4	2026	0	
20261019	202629	周一	19	10	4	2026	1	
20261020	202629	周二	20	10	4	2026	1	
20261021	202629	周三	21	10	4	2026	1	
20261022	202629	周四	22	10	4	2026	1	
20261023	202630	周五	23	10	4	2026	1	霜降
20261024	202630	周六	24	10	4	2026	0	
20261025	202630	周日	25	10	4	2026	0	
20261026	202630	周一	26	10	4	2026	1	
20261027	202630	周二	27	10	4	2026	1	
20261028	202630	周三	28	10	4	2026	1	
20261029	202630	周四	29	10	4	2026	1	
20261030	202630	周五	30	10	4	2026	1	
20261031	202631	周六	31	10	4	2026	0	万圣节
20261101	202631	周日	1	11	4	2026	0	
20261102	202631	周一	2	11	4	2026	1	
20261103	202631	周二	3	11	4	2026	1	
20261104	202631	周三	4	11	4	2026	1	
20261105	202631	周四	5	11	4	2026	1	
20261106	202631	周五	6	11	4	2026	1	
20261107	202632	周六	7	11	4	2026	0	立冬
20261108	202632	周日	8	11	4	2026	0	
20261109	202632	周一	9	11	4	2026	1	
20261110	202632	周二	10	11	4	2026	1	
20261111	202632	周三	11	11	4	2026	1	光棍节
20261112	202632	周四	12	11	4	2026	1	
20261113	202632	周五	13	11	4	2026	1	
20261114	202632	周六	14	11	4	2026	0	
20261115	202632	周日	15	11	4	2026	0	
20261116	202633	周一	16	11	4	2026	1	
20261117	202633	周二	17	11	4	2026	1	
20261118	202633	周三	18	11	4	2026	1	
20261119	202633	周四	19	11	4	2026	1	
20261120	202633	周五	20	11	4	2026	1	
20261121	202633	周六	21	11	4	2026	0	
20261122	202633	周日	22	11	4	2026	0	小雪
20261123	202633	周一	23	11	4	2026	1	
20261124	202633	周二	24	11	4	2026	1	
20261125	202634	周三	25	11	4	2026	1	感恩节
20261126	202634	周四	26	11	4	2026	1	
20261127	202634	周五	27	11	4	2026	1	
20261128	202634	周六	28	11	4	2026	0	
20261129	202634	周日	29	11	4	2026	0	
20261130	202634	周一	30	11	4	2026	1	
20261201	202634	周二	1	12	4	2026	1	
20261202	202634	周三	2	12	4	2026	1	
20261203	202635	周四	3	12	4	2026	1	
20261204	202635	周五	4	12	4	2026	1	
20261205	202635	周六	5	12	4	2026	0	
20261206	202635	周日	6	12	4	2026	0	
20261207	202635	周一	7	12	4	2026	1	
20261208	202635	周二	8	12	4	2026	1	
20261209	202635	周三	9	12	4	2026	1	
20261210	202635	周四	10	12	4	2026	1	
20261211	202635	周五	11	12	4	2026	1	
20261212	202636	周六	12	12	4	2026	0	
20261213	202636	周日	13	12	4	2026	0	
20261214	202636	周一	14	12	4	2026	1	
20261215	202636	周二	15	12	4	2026	1	
20261216	202636	周三	16	12	4	2026	1	
20261217	202636	周四	17	12	4	2026	1	
20261218	202636	周五	18	12	4	2026	1	
20261219	202636	周六	19	12	4	2026	0	
20261220	202637	周日	20	12	4	2026	0	
20261221	202637	周一	21	12	4	2026	1	冬至
20261222	202637	周二	22	12	4	2026	1	
20261223	202637	周三	23	12	4	2026	1	
20261224	202637	周四	24	12	4	2026	1	平安夜
20261225	202637	周五	25	12	4	2026	1	圣诞节
20261226	202637	周六	26	12	4	2026	0	节礼日
20261227	202637	周日	27	12	4	2026	0	
20261228	202638	周一	28	12	4	2026	1	
20261229	202638	周二	29	12	4	2026	1	
20261230	202638	周三	30	12	4	2026	1	
20261231	202638	周四	31	12	4	2026	1	除夕